52058
52345
52537
52496
52213
52570
52568
52652
52716
52230
52150
52271
52136
52757
52536
52283
52240
52552
51999
52150
52620
52338
52602
52292
52380
52296
52392
52458
52572
52436
52660
52159
51780
52148
52335
51908
52436
52306
52097
52356
52236
52101
52271
52071
52178
52179
52109
52351
52672
52174
52310
51921
52624
52106
52322
52225
52080
52148
52215
52021
51943
51900
51827
51312
51548
51241
51199
51240
51055
50427
50523
49487
48837
48057
47720
46858
46328
46126
45026
45272
45757
45994
46651
47384
47713
48431
48831
49714
49888
50058
50326
50568
50801
50683
51001
51386
51326
51286
51750
51990
51645
52135
51938
51855
52287
52163
52019
52067
52033
52092
52149
52343
51869
52184
52082
52357
52062
52019
52248
52379
51980
52212
52425
52352
51962
52091
52360
52062
51882
52243
51815
52049
52003
51722
51839
51725
52132
51896
51626
51754
51731
51193
51312
50846
50679
49836
49771
49206
48195
47739
46495
46247
46225
46421
47057
47534
48034
48832
49707
49624
50308
50339
50856
51157
51054
51235
51498
51711
51672
51751
51813
52064
51907
51626
51945
51825
51931
52056
51910
52131
52081
52044
52308
51812
52218
52288
52243
51800
52219
51976
52274
52370
52256
52265
52217
52102
52240
52128
52069
52352
52141
51977
51955
51879
51911
51976
52053
52024
51970
52147
52186
52221
52292
51558
51874
51767
51583
51604
51204
51287
50222
50478
49779
49496
48974
48923
49467
49057
49644
50567
50818
51102
51317
51411
51549
51616
52173
52052
52115
52242
52043
52029
52130
52254
52314
52060
51819
51968
51982
52039
51803
52054
51786
51793
52154
52207
52348
52250
52164
51929
52296
52213
52409
51974
51986
51964
51944
51693
51736
51673
51647
51562
51087
51510
50965
50606
50337
49116
49316
48791
48654
48823
49075
49617
49793
50281
51122
50957
51313
51619
52123
51629
51585
51934
51834
51940
52171
51972
51781
51978
52157
52201
52517
52277
52189
52542
52472
51985
52284
52285
52229
52219
52357
52262
52410
52409
52317
52161
52299
52465
52366
52047
52332
52339
52264
52329
52251
52208
52035
52079
52270
52223
51862
51792
52049
51584
52005
51692
51726
52213
51520
51555
51273
50968
50968
50402
50150
49989
49137
48331
47916
46931
46227
45809
45922
46413
46696
48162
48406
49394
49727
50433
50532
51153
50580
51324
51271
51567
51935
51715
52033
51630
52079
52343
51844
52056
51986
51895
52351
52195
52174
52538
51952
52268
52363
52376
52359
51944
51912
52343
51985
52367
52089
52048
52219
52080
52072
52013
52313
51959
52099
51531
51646
51701
52057
52122
51726
51946
51503
51264
51442
51563
51414
51004
50872
51044
50606
50623
50346
49970
49998
48873
48383
47434
46711
45750
45245
44936
45494
45784
46613
47290
47911
48913
49894
49978
50408
50809
51101
51303
51496
51485
51714
51499
51742
51772
51909
51952
51941
51832
52878
52050
51645
51756
52184
52302
52035
52294
52378
52196
52426
52412
52724
52113
52252
52307
52054
52546
52071
52314
52284
52404
52029
52046
51913
52394
52432
52345
52419
52739
52494
52693
52052
52536
52308
52561
52191
52240
52254
52142
52402
52351
52246
52144
52488
52196
52583
52410
52303
52383
52238
52182
52203
52274
52337
52396
52467
52149
52193
52425
51910
52292
52549
52353
52130
51998
52277
52109
52410
52462
52534
52185
52354
52576
52198
52284
52041
52247
52324
52268
52404
52073
52430
52251
52566
52418
52561
51814
52299
52127
52370
52869
52140
52470
52309
51886
52244
52881
52389
52296
52652
51854
52286
52740
52287
51990
52469
52366
52146
52104
52076
52446
52194
52707
52592
52394
52390
52105
52404
52393
52680
52444
51896
52517
52088
51966
51781
51888
51739
51856
52071
51702
51743
51423
51482
51818
50952
50971
50439
50733
49677
49628
48750
48264
47355
46968
46567
45632
45224
45255
45297
45948
46560
47210
47948
48779
49408
49878
50575
50418
50852
50639
51126
51626
51334
51531
51531
51691
51836
51845
51721
52229
51710
51892
52059
51952
52036
52125
52116
52450
52004
51661
52135
52112
52340
52272
51856
52050
52039
51923
52129
51909
52297
51942
52333
52051
51913
52083
52099
51991
52063
51727
51848
51759
52046
51936
51981
52099
51721
51206
51383
51258
50858
50530
50185
49725
48692
48371
47006
46871
45872
45980
46015
46756
47139
47982
48518
49443
49582
50045
50063
50605
51075
51090
51214
51507
51427
51818
51713
51999
51683
52093
52048
51974
51843
51852
52449
51979
52062
51892
52120
52037
52285
52251
51964
51966
52082
51955
52477
51947
52642
52105
51715
52511
52105
52192
51761
51605
52298
51933
52003
52108
52132
52574
52354
51922
52144
52135
51951
51948
51953
51795
52054
51739
51776
51581
51304
51149
50928
50504
50079
49940
49293
49227
48747
49198
49221
49729
50416
50767
51194
51239
51446
51878
52179
51965
52035
52030
52073
52225
52660
52084
52005
51718
52182
52604
51894
51959
52081
52229
52621
52449
51965
52294
52259
52096
52455
52282
52080
51957
51995
52012
52231
52122
51992
51825
51949
52223
51947
51623
51885
51572
51944
51190
51093
50402
50000
49768
49521
48866
48959
49115
49651
49861
50256
50780
51184
51433
51647
51819
51739
51762
51968
51875
51963
52168
52022
52319
52070
52080
52046
52369
52183
52641
52224
52184
52177
52469
52293
52366
52239
52486
52245
52172
52716
52038
52160
51922
52355
51867
52273
52382
51779
51982
52201
52106
51684
52053
52084
51673
51956
51932
52097
51776
51843
51888
51456
51559
51586
51685
51767
50896
51018
51041
50782
50062
49773
49218
48559
47883
47223
46343
46174
46071
46189
46681
47402
48376
49071
49660
50290
50613
51024
51218
51730
51530
51761
51391
51688
51703
52039
52055
51801
51803
52146
52268
52217
51840
52502
52254
52458
52157
51969
52212
51841
52433
52097
51844
52129
52174
52132
52369
51960
52064
52509
51867
52058
52190
52120
51926
51806
51716
52039
51967
51830
51854
52007
51987
51900
51439
51273
51340
51362
50867
51008
50765
50622
50422
50364
49105
49171
48352
47475
46669
46202
45676
45335
45196
45665
46406
47125
48282
49367
49923
50021
50665
51530
51399
51176
51609
51737
51656
52104
51800
51685
51913
52196
51936
52162
51824
52485
52169
52181
51988
52033
52020
52103
52203
52141
52172
52241
52485
51595
52272
51834
52391
52209
51938
52335
52187
52386
52509
52486
52323
52293
52347
52402
52237
52293
52621
52230
52088
52457
52004
52058
52370
52635
52247
52090
52089
52495
52324
52166
52463
52706
52106
52351
52214
52044
52203
52420
52695
51971
52362
