1507900
1508869
1507180
1510005
1510617
1507448
1507156
1507018
1508189
1508744
1508232
1508606
1508651
1507306
1508004
1509076
1507779
1506167
1505187
1507423
1507287
1508846
1506996
1508819
1506407
1508006
1509357
1508495
1506551
1508843
1508581
1508925
1508791
1508835
1508221
1507094
1506695
1507161
1507550
1506941
1507568
1506975
1506799
1506039
1506669
1507185
1507212
1508386
1507311
1507410
1507978
1508777
1507249
1507724
1508674
1508559
1506924
1505920
1508217
1502634
1505979
1508209
1505590
1507455
1507605
1505031
1504848
1505631
1502333
1502388
1503843
1502722
1498126
1502307
1500794
1497058
1497547
1497929
1493316
1495934
1496173
1493708
1495896
1495135
1495594
1495199
1494598
1496484
1496052
1493307
1496238
1497016
1494547
1495834
1495134
1493614
1497267
1496051
1494534
1498362
1498425
1498103
1497014
1499915
1499577
1498538
1501481
1500648
1501682
1500405
1502193
1501783
1501553
1501856
1501518
1503232
1502222
1502986
1503921
1504961
1503801
1504347
1503374
1504846
1505723
1506260
1507008
1506312
1504738
1504393
1506174
1504292
1504229
1504303
1505128
1505095
1504872
1504970
1504548
1504558
1504275
1505218
1504659
1504378
1504237
1500090
1500393
1502604
1500701
1495816
1494839
1496716
1494845
1491880
1492794
1494182
1494868
1493745
1494353
1492131
1496294
1494260
1495296
1497917
1495477
1496419
1497398
1498155
1500545
1499639
1500229
1498885
1501567
1500884
1502918
1504541
1504645
1503049
1502435
1501964
1502380
1502630
1501760
1503975
1505486
1502712
1505735
1503448
1503659
1503230
1505769
1501761
1504981
1504376
1503259
1505623
1503762
1506059
1505228
1506474
1502455
1505227
1504385
1504197
1505654
1507217
1504317
1503871
1503886
1505067
1500860
1502309
1502797
1500783
1501282
1501491
1501535
1500569
1500164
1499633
1497422
1497617
1494881
1494756
1493550
1493899
1492717
1490194
1487824
1487665
1489345
1486031
1487439
1485758
1485725
1481825
1480139
1473761
1470137
1464709
1457539
1450704
1443993
1439141
1436484
1435114
1432498
1435542
1435734
1438577
1438398
1443037
1441686
1443719
1442321
1439405
1438056
1435879
1438727
1437989
1436631
1441887
1444976
1450545
1457225
1463196
1465181
1471725
1474799
1479879
1484174
1485582
1485701
1487760
1488229
1487793
1488731
1488997
1486809
1488912
1491423
1491416
1492157
1491320
1492203
1498689
1496854
1497274
1498804
1499782
1500742
1501474
1502261
1505367
1502053
1505717
1501583
1504355
1502769
1501969
1503310
1505268
1503131
1505582
1504583
1505156
1504460
1505665
1504053
1506221
1503936
1504524
1501932
1505770
1505279
1505052
1505692
1504624
1506380
1504239
1504088
1505098
1506885
1505826
1506510
1505262
1503827
1503297
1504154
1502765
1502473
1503131
1504866
1503127
1502285
1499376
1502638
1500137
1500905
1499084
1498057
1498377
1495404
1495593
1494960
1492208
1491530
1493655
1494623
1493026
1492980
1492769
1492849
1490875
1492348
1494991
1494979
1496153
1498004
1498435
1502238
1499901
1501674
1502819
1502722
1503555
1506032
1505433
1503395
1503506
1504177
1504805
1507318
1505710
1506434
1504913
1504688
1508491
1506052
1503439
1507935
1506843
1506072
1506279
1504702
1506024
1506812
1505405
1505309
1503019
1503758
1503906
1503985
1502893
1504704
1504619
1504301
1504376
1503236
1501540
1502201
1503453
1502131
1503382
1501084
1501397
1498866
1500598
1498172
1497425
1497397
1496702
1497019
1494883
1494193
1494437
1493074
1492002
1493694
1495277
1491394
1493379
1491135
1492737
1491531
1489812
1492290
1491373
1493602
1493120
1493971
1496339
1497786
1496578
1497981
1502928
1503208
1502606
1504438
1504607
1505113
1507516
1503934
1507034
1506214
1507061
1505720
1505354
1506382
1508278
1505751
1509076
1504764
1507701
1507375
1506155
1506184
1506922
1507403
1506893
1507350
1506328
1507419
1507453
1506427
1506720
1506576
1509142
1506982
1507030
1506798
1509235
1506912
1508619
1507659
1507886
1507808
1505246
1507549
1506818
1507194
1509328
1508523
1507383
1508262
1508148
1505633
1508272
1510208
1507908
1506270
1511112
1507870
1507686
1509612
1509118
1508694
1506403
1508147
1507165
1508453
1507652
1508715
1508737
1507829
1509239
1508627
1508858
1506940
1508586
1508308
1509481
1506571
1509643
1510702
1505859
1509425
1507837
1508260
1507853
1506193
1507378
1507760
1510367
1509420
1506688
1510278
1506848
1509368
1508395
1508108
1509946
1507780
1506186
1509983
1509655
1508835
1509900
1506800
1507370
1508127
1509409
1508362
1507205
1508594
1508686
1509651
1508006
1508891
1509995
1507745
1508000
1507746
1509277
1509992
1508972
1507542
1509065
1507049
1508904
1509241
1510419
1506661
1507742
1508193
1510542
1508068
1508630
1508243
1509348
1509216
1508765
1507358
1506238
1509411
1506863
1508535
1506806
1506881
1506849
1509349
1508132
1505985
1506491
1504906
1505447
1506131
1504048
1504746
1503184
1502482
1501440
1500451
1498165
1498491
1496827
1496036
1493553
1494882
1494572
1494378
1493559
1494620
1493219
1492304
1494484
1493541
1494510
1493173
1495038
1493743
1496278
1496346
1497095
1495832
1497440
1499425
1500501
1500236
1501854
1502264
1503378
1501842
1502976
1503706
1503772
1504416
1504015
1503703
1503481
1505633
1506604
1504752
1506733
1506597
1505939
1508514
1506958
1508745
1505983
1508845
1508341
1507160
1506529
1507745
1506912
1509368
1508913
1508025
1506726
1507560
1507034
1507291
1507942
1506982
1508352
1506702
1504253
1506408
1506311
1504772
1508256
1504374
1503666
1503578
1502672
1502649
1497570
1500036
1499625
1497139
1496933
1494767
1494836
1494868
1495427
1492994
1493733
1492038
1494985
1495916
1496345
1497567
1501071
1501753
1501465
1499495
1505461
1500311
1504320
1503646
1503493
1505115
1504937
1506102
1505822
1505515
1507276
1507744
1506133
1506762
1511413
1508264
1507506
1506284
1505959
1508212
1507865
1509138
1507094
1506404
1507565
1506047
1505752
1507055
1506044
1507989
1506719
1508963
1506940
1508144
1507837
1505390
1506835
1505316
1505783
1506791
1508500
1506693
1505030
1504111
1506345
1504662
1503430
1502899
1502752
1502113
1498488
1500047
1499144
1497189
1494958
1495654
1493928
1492392
1493038
1492198
1492294
1492297
1493633
1491490
1491967
1490760
1487912
1485147
1484823
1481516
1473765
1471681
1464069
1459421
1452300
1447849
1443836
1440661
1439296
1440094
1438958
1438184
1441032
1443999
1442545
1446223
1443425
1442769
1441590
1437572
1436434
1434328
1437056
1438204
1439031
1446114
1451636
1458634
1462778
1471566
1474383
1478995
1483522
1485728
1486219
1488535
1490319
1490635
1490597
1489617
1494657
1493871
1496831
1496841
1498224
1497083
1498810
1500848
1501266
1502662
1504096
1504398
1502964
1503235
1505093
1506706
1504424
1503954
1505629
1506485
1504367
1505106
1507055
1506939
1506678
1506122
1506065
1504320
1503992
1506514
1508097
1507396
1505971
1505858
1504815
1508349
1507608
1508228
1508801
1507383
1505789
1507271
1506686
1506257
1508582
1506994
1507373
1505748
1504967
1504457
1504370
1505328
1506127
1504072
1500533
1504005
1503393
1502658
1502749
1501579
1503253
1500987
1499661
1498501
1495524
1497585
1496166
1498814
1495832
1494540
1494951
1494211
1495771
1495620
1495416
1496217
1496325
1498557
1500326
1501616
1502473
1503216
1503805
1504675
1505721
1504991
1505394
1506770
1506271
1507999
1506329
1506403
1506723
1507817
1508704
1507195
1507356
1506607
1506858
1507089
1507081
1508009
1506689
1506275
1507256
1508313
1505103
1507186
1505448
1507951
1504662
1504565
1504105
1506009
1503458
1504521
1504859
1504074
1506712
1503277
1504001
1503188
1505180
1501754
1501487
1501957
1501012
1500066
1500058
1498583
1497661
1498535
1496480
1496182
1496131
1496354
1496369
1494844
1494423
1496133
1498342
1495199
1498050
1493749
1498514
1496019
1492168
1496466
1496453
1495058
1496377
1498073
1499548
1500894
1501099
1501664
1501736
1502915
1503769
1504621
1505477
1505066
1506748
1507893
1503964
1509519
1506216
1506883
1508467
1507265
1508620
1507767
1506934
1508372
1507448
1509584
1508047
1509288
1505936
1507517
1509225
1508410
1507757
1507930
1509454
1508038
1509991
1507057
1508760
1506116
1506116
1506231
1507945
1508355
1508583
1509531
1508029
1507820
1509427
1510046
1506286
1509227
1507964
1510239
1508893
1509256
1506822
1508428
1509561
1509769
1508350
1507681
1508824
1508827
1509749
1508515
1509040
1508239
1508967
1508056
1508324
1508878
1509454
1507229
1510000
1507626
1509888
